step = 0
e = 1877489.315246
step = 1
e = 112949.215424
step = 2
e = 45918.563897
step = 3
